0.000000 -1.201172 
0.010000 -1.201172 
0.020000 -1.201172 
0.030000 -1.201172 
0.040000 -1.201172 
0.050000 -1.201172 
0.060000 -1.201172 
0.070000 -1.201172 
0.080000 -1.201172 
0.090000 -1.201172 
0.100000 -1.201172 
0.110000 -1.201172 
0.120000 -1.201172 
0.130000 -1.201172 
0.140000 -1.201172 
0.150000 -1.201172 
0.160000 -1.201172 
0.170000 -1.201172 
0.180000 -1.201172 
0.190000 -1.201172 
0.200000 -1.201172 
0.210000 -1.201172 
0.220000 -1.201172 
0.230000 -1.201172 
0.240000 -1.201172 
0.250000 -1.201172 
0.260000 -1.201172 
0.270000 -1.201172 
0.280000 -1.201172 
0.290000 -1.201172 
0.300000 -1.201172 
0.310000 -1.201172 
0.320000 -1.201172 
0.330000 -1.201172 
0.340000 -1.201172 
0.350000 -1.201172 
0.360000 -1.201172 
0.370000 -1.201172 
0.380000 -1.201172 
0.390000 -1.201172 
0.400000 -1.201172 
0.410000 -1.201172 
0.420000 -1.201172 
0.430000 -1.201172 
0.440000 -1.201172 
0.450000 -1.201172 
0.460000 -1.201172 
0.470000 -1.201172 
0.480000 -1.201172 
0.490000 -1.201172 
0.500000 -1.201172 
0.510000 -1.201172 
0.520000 -1.201172 
0.530000 -1.201172 
0.540000 -1.201172 
0.550000 -1.201172 
0.560000 -1.201172 
0.570000 -1.201172 
0.580000 -1.201172 
0.590000 -1.201172 
0.600000 -1.201172 
0.610000 -1.201172 
0.620000 -1.201172 
0.630000 -1.201172 
0.640000 -1.201172 
0.650000 -1.201172 
0.660000 -1.201172 
0.670000 -1.201172 
0.680000 -1.201172 
0.690000 -1.201172 
0.700000 -1.201172 
0.710000 -1.201172 
0.720000 -1.201172 
0.730000 -1.201172 
0.740000 -1.201172 
0.750000 -1.201172 
0.760000 -1.201172 
0.770000 -1.201172 
0.780000 -1.201172 
0.790000 -1.201172 
0.800000 -1.201172 
0.810000 -1.201172 
0.820000 -1.201172 
0.830000 -1.201172 
0.840000 -1.201172 
0.850000 -1.201172 
0.860000 -1.201172 
0.870000 -1.201172 
0.880000 -1.201172 
0.890000 -1.201172 
0.900000 -1.201172 
0.910000 -1.201172 
0.920000 -1.201172 
0.930000 -1.201172 
0.940000 -1.201172 
0.950000 -1.201172 
0.960000 -1.201172 
0.970000 -1.201172 
0.980000 -1.201172 
0.990000 -1.201172 
1.000000 -1.201172 
1.010000 -1.201172 
1.020000 -1.201172 
1.030000 -1.201172 
1.040000 -1.201172 
1.050000 -1.201172 
1.060000 -1.201172 
1.070000 -1.201172 
1.080000 -1.201172 
1.090000 -1.201172 
1.100000 -1.201172 
1.110000 -1.201172 
1.120000 -1.201172 
1.130000 -1.201172 
1.140000 -1.201172 
1.150000 -1.201172 
1.160000 -1.201172 
1.170000 -1.201172 
1.180000 -1.201172 
1.190000 -1.201172 
1.200000 -1.201172 
1.210000 -1.201172 
1.220000 -1.201172 
1.230000 -1.201172 
1.240000 -1.201172 
1.250000 -1.201172 
1.260000 -1.201172 
1.270000 -1.201172 
1.280000 -1.201172 
1.290000 -1.201172 
1.300000 -1.201172 
1.310000 -1.201172 
1.320000 -1.201172 
1.330000 -1.201172 
1.340000 -1.201172 
1.350000 -1.201172 
1.360000 -1.201172 
1.370000 -1.201172 
1.380000 -1.201172 
1.390000 -1.201172 
1.400000 -1.201172 
1.410000 -1.201172 
1.420000 -1.201172 
1.430000 -1.201172 
1.440000 -1.201172 
1.450000 -1.201172 
1.460000 -1.201172 
1.470000 -1.201172 
1.480000 -1.201172 
1.490000 -1.201172 
1.500000 -1.201172 
1.510000 -1.201172 
1.520000 -1.201172 
1.530000 -1.201172 
1.540000 -1.201172 
1.550000 -1.201172 
1.560000 -1.201172 
1.570000 -1.201172 
1.580000 -1.201172 
1.590000 -1.201172 
1.600000 -1.201172 
1.610000 -1.201172 
1.620000 -1.201172 
1.630000 -1.201172 
1.640000 -1.201172 
1.650000 -1.201172 
1.660000 -1.201172 
1.670000 -1.201172 
1.680000 -1.201172 
1.690000 -1.201172 
1.700000 -1.201172 
1.710000 -1.201172 
1.720000 -1.201172 
1.730000 -1.201172 
1.740000 -1.201172 
1.750000 -1.201172 
1.760000 -1.201172 
1.770000 -1.201172 
1.780000 -1.201172 
1.790000 -1.201172 
1.800000 -1.201172 
1.810000 -1.201172 
1.820000 -1.196289 
1.830000 -1.201172 
1.840000 -1.201172 
1.850000 -1.201172 
1.860000 -1.201172 
1.870000 -1.201172 
1.880000 -1.201172 
1.890000 -1.201172 
1.900000 -1.201172 
1.910000 -1.201172 
1.920000 -1.201172 
1.930000 -1.201172 
1.940000 -1.201172 
1.950000 -1.201172 
1.960000 -1.201172 
1.970000 -1.201172 
1.980000 -1.201172 
1.990000 -1.201172 
2.000000 -1.201172 
2.010000 -1.201172 
2.020000 -1.201172 
2.030000 -1.201172 
2.040000 -1.201172 
2.050000 -1.201172 
2.060000 -1.201172 
2.070000 -1.201172 
2.080000 -1.201172 
2.090000 -1.201172 
2.100000 -1.201172 
2.110000 -1.201172 
2.120000 -1.201172 
2.130000 -1.201172 
2.140000 -1.201172 
2.150000 -1.201172 
2.160000 -1.201172 
2.170000 -1.201172 
2.180000 -1.201172 
2.190000 -1.201172 
2.200000 -1.201172 
2.210000 -1.201172 
2.220000 -1.196289 
2.230000 -1.201172 
2.240000 -1.201172 
2.250000 -1.201172 
2.260000 -1.201172 
2.270000 -1.201172 
2.280000 -1.201172 
2.290000 -1.201172 
2.300000 -1.201172 
2.310000 -1.201172 
2.320000 -1.201172 
2.330000 -1.201172 
2.340000 -1.201172 
2.350000 -1.201172 
2.360000 -1.201172 
2.370000 -1.201172 
2.380000 -1.201172 
2.390000 -1.201172 
2.400000 -1.201172 
2.410000 -1.201172 
2.420000 -1.201172 
2.430000 -1.201172 
2.440000 -1.201172 
2.450000 -1.201172 
2.460000 -1.201172 
2.470000 -1.201172 
2.480000 -1.201172 
2.490000 -1.201172 
2.500000 -1.201172 
2.510000 -1.201172 
2.520000 -1.201172 
2.530000 -1.201172 
2.540000 -1.201172 
2.550000 -1.201172 
2.560000 -1.201172 
2.570000 -1.201172 
2.580000 -1.201172 
2.590000 -1.201172 
2.600000 -1.201172 
2.610000 -1.201172 
2.620000 -1.201172 
2.630000 -1.201172 
2.640000 -1.201172 
2.650000 -1.201172 
2.660000 -1.201172 
2.670000 -1.201172 
2.680000 -1.201172 
2.690000 -1.201172 
2.700000 -1.201172 
2.710000 -1.201172 
2.720000 -1.196289 
2.730000 -1.196289 
2.740000 -1.196289 
2.750000 -1.196289 
2.760000 -1.196289 
2.770000 -1.196289 
2.780000 -1.196289 
2.790000 -1.196289 
2.800000 -1.196289 
2.810000 -1.196289 
2.820000 -1.196289 
2.830000 -1.196289 
2.840000 -1.191406 
2.850000 -1.191406 
2.860000 -1.186523 
2.870000 -1.186523 
2.880000 -1.181641 
2.890000 -1.176758 
2.900000 -1.166992 
2.910000 -1.162109 
2.920000 -1.152344 
2.930000 -1.147461 
2.940000 -1.137695 
2.950000 -1.127930 
2.960000 -1.123047 
2.970000 -1.108398 
2.980000 -1.103516 
2.990000 -1.093750 
3.000000 -1.083984 
3.010000 -1.074219 
3.020000 -1.069336 
3.030000 -1.059570 
3.040000 -1.054688 
3.050000 -1.044922 
3.060000 -1.040039 
3.070000 -1.030273 
3.080000 -1.025391 
3.090000 -1.015625 
3.100000 -1.010742 
3.110000 -1.000977 
3.120000 -0.996094 
3.130000 -0.986328 
3.140000 -0.981445 
3.150000 -0.971680 
3.160000 -0.966797 
3.170000 -0.961914 
3.180000 -0.952148 
3.190000 -0.947266 
3.200000 -0.937500 
3.210000 -0.932617 
3.220000 -0.922852 
3.230000 -0.917969 
3.240000 -0.908203 
3.250000 -0.898438 
3.260000 -0.893555 
3.270000 -0.883789 
3.280000 -0.874023 
3.290000 -0.869141 
3.300000 -0.859375 
3.310000 -0.849609 
3.320000 -0.839844 
3.330000 -0.830078 
3.340000 -0.825195 
3.350000 -0.815430 
3.360000 -0.810547 
3.370000 -0.800781 
3.380000 -0.795898 
3.390000 -0.786133 
3.400000 -0.781250 
3.410000 -0.771484 
3.420000 -0.761719 
3.430000 -0.756836 
3.440000 -0.747070 
3.450000 -0.742188 
3.460000 -0.732422 
3.470000 -0.727539 
3.480000 -0.717773 
3.490000 -0.712891 
3.500000 -0.703125 
3.510000 -0.693359 
3.520000 -0.688477 
3.530000 -0.678711 
3.540000 -0.673828 
3.550000 -0.664063 
3.560000 -0.654297 
3.570000 -0.649414 
3.580000 -0.639648 
3.590000 -0.634766 
3.600000 -0.625000 
3.610000 -0.620117 
3.620000 -0.610352 
3.630000 -0.605469 
3.640000 -0.600586 
3.650000 -0.590820 
3.660000 -0.585938 
3.670000 -0.576172 
3.680000 -0.571289 
3.690000 -0.566406 
3.700000 -0.556641 
3.710000 -0.551758 
3.720000 -0.541992 
3.730000 -0.537109 
3.740000 -0.527344 
3.750000 -0.517578 
3.760000 -0.507813 
3.770000 -0.502930 
3.780000 -0.493164 
3.790000 -0.483398 
3.800000 -0.478516 
3.810000 -0.468750 
3.820000 -0.458984 
3.830000 -0.454102 
3.840000 -0.444336 
3.850000 -0.434570 
3.860000 -0.424805 
3.870000 -0.415039 
3.880000 -0.410156 
3.890000 -0.400391 
3.900000 -0.390625 
3.910000 -0.385742 
3.920000 -0.380859 
3.930000 -0.371094 
3.940000 -0.361328 
3.950000 -0.351563 
3.960000 -0.346680 
3.970000 -0.336914 
3.980000 -0.327148 
3.990000 -0.322266 
4.000000 -0.312500 
4.010000 -0.307617 
4.020000 -0.302734 
4.030000 -0.292969 
4.040000 -0.288086 
4.050000 -0.283203 
4.060000 -0.273438 
4.070000 -0.268555 
4.080000 -0.258789 
4.090000 -0.249023 
4.100000 -0.239258 
4.110000 -0.229492 
4.120000 -0.224609 
4.130000 -0.209961 
4.140000 -0.200195 
4.150000 -0.190430 
4.160000 -0.185547 
4.170000 -0.175781 
4.180000 -0.166016 
4.190000 -0.151367 
4.200000 -0.146484 
4.210000 -0.131836 
4.220000 -0.122070 
4.230000 -0.117188 
4.240000 -0.107422 
4.250000 -0.097656 
4.260000 -0.092773 
4.270000 -0.083008 
4.280000 -0.073242 
4.290000 -0.068359 
4.300000 -0.058594 
4.310000 -0.053711 
4.320000 -0.043945 
4.330000 -0.034180 
4.340000 -0.029297 
4.350000 -0.024414 
4.360000 -0.014648 
4.370000 -0.009766 
4.380000 -0.004883 
4.390000 0.004883 
4.400000 0.014648 
4.410000 0.019531 
4.420000 0.024414 
4.430000 0.034180 
4.440000 0.043945 
4.450000 0.053711 
4.460000 0.058594 
4.470000 0.063477 
4.480000 0.073242 
4.490000 0.078125 
4.500000 0.087891 
4.510000 0.092773 
4.520000 0.102539 
4.530000 0.112305 
4.540000 0.122070 
4.550000 0.131836 
4.560000 0.141602 
4.570000 0.146484 
4.580000 0.156250 
4.590000 0.161133 
4.600000 0.170898 
4.610000 0.175781 
4.620000 0.185547 
4.630000 0.195313 
4.640000 0.200195 
4.650000 0.209961 
4.660000 0.219727 
4.670000 0.229492 
4.680000 0.234375 
4.690000 0.239258 
4.700000 0.249023 
4.710000 0.258789 
4.720000 0.263672 
4.730000 0.273438 
4.740000 0.283203 
4.750000 0.288086 
4.760000 0.297852 
4.770000 0.302734 
4.780000 0.312500 
4.790000 0.317383 
4.800000 0.327148 
4.810000 0.332031 
4.820000 0.336914 
4.830000 0.346680 
4.840000 0.351563 
4.850000 0.361328 
4.860000 0.366211 
4.870000 0.375977 
4.880000 0.385742 
4.890000 0.395508 
4.900000 0.400391 
4.910000 0.410156 
4.920000 0.415039 
4.930000 0.424805 
4.940000 0.429688 
4.950000 0.439453 
4.960000 0.444336 
4.970000 0.454102 
4.980000 0.463867 
4.990000 0.473633 
5.000000 0.483398 
5.010000 0.493164 
5.020000 0.502930 
5.030000 0.507813 
5.040000 0.517578 
5.050000 0.527344 
5.060000 0.537109 
5.070000 0.551758 
5.080000 0.561523 
5.090000 0.571289 
5.100000 0.581055 
5.110000 0.590820 
5.120000 0.600586 
5.130000 0.610352 
5.140000 0.620117 
5.150000 0.629883 
5.160000 0.639648 
5.170000 0.644531 
5.180000 0.654297 
5.190000 0.659180 
5.200000 0.668945 
5.210000 0.678711 
5.220000 0.683594 
5.230000 0.693359 
5.240000 0.703125 
5.250000 0.708008 
5.260000 0.712891 
5.270000 0.722656 
5.280000 0.727539 
5.290000 0.737305 
5.300000 0.742188 
5.310000 0.751953 
5.320000 0.756836 
5.330000 0.766602 
5.340000 0.771484 
5.350000 0.776367 
5.360000 0.786133 
5.370000 0.791016 
5.380000 0.800781 
5.390000 0.800781 
5.400000 0.810547 
5.410000 0.820313 
5.420000 0.825195 
5.430000 0.834961 
5.440000 0.839844 
5.450000 0.849609 
5.460000 0.854492 
5.470000 0.864258 
5.480000 0.869141 
5.490000 0.874023 
5.500000 0.883789 
5.510000 0.888672 
5.520000 0.893555 
5.530000 0.898438 
5.540000 0.908203 
5.550000 0.913086 
5.560000 0.917969 
5.570000 0.922852 
5.580000 0.932617 
5.590000 0.937500 
5.600000 0.942383 
5.610000 0.947266 
5.620000 0.952148 
5.630000 0.957031 
5.640000 0.961914 
5.650000 0.971680 
5.660000 0.976563 
5.670000 0.976563 
5.680000 0.986328 
5.690000 0.991211 
5.700000 0.996094 
5.710000 1.000977 
5.720000 1.005859 
5.730000 1.010742 
5.740000 1.015625 
5.750000 1.020508 
5.760000 1.025391 
5.770000 1.030273 
5.780000 1.035156 
5.790000 1.040039 
5.800000 1.044922 
5.810000 1.049805 
5.820000 1.054688 
5.830000 1.059570 
5.840000 1.059570 
5.850000 1.064453 
5.860000 1.069336 
5.870000 1.074219 
5.880000 1.079102 
5.890000 1.079102 
5.900000 1.083984 
5.910000 1.088867 
5.920000 1.088867 
5.930000 1.093750 
5.940000 1.098633 
5.950000 1.098633 
5.960000 1.103516 
5.970000 1.103516 
5.980000 1.108398 
5.990000 1.113281 
6.000000 1.118164 
6.010000 1.123047 
6.020000 1.123047 
6.030000 1.127930 
6.040000 1.132813 
6.050000 1.137695 
6.060000 1.137695 
6.070000 1.142578 
6.080000 1.147461 
6.090000 1.152344 
6.100000 1.152344 
6.110000 1.157227 
6.120000 1.162109 
6.130000 1.162109 
6.140000 1.166992 
6.150000 1.166992 
6.160000 1.171875 
6.170000 1.171875 
6.180000 1.176758 
6.190000 1.176758 
6.200000 1.176758 
6.210000 1.181641 
6.220000 1.181641 
6.230000 1.181641 
6.240000 1.186523 
6.250000 1.186523 
6.260000 1.186523 
6.270000 1.186523 
6.280000 1.191406 
6.290000 1.191406 
6.300000 1.191406 
6.310000 1.191406 
6.320000 1.191406 
6.330000 1.191406 
6.340000 1.191406 
6.350000 1.196289 
6.360000 1.196289 
6.370000 1.201172 
6.380000 1.201172 
6.390000 1.201172 
6.400000 1.201172 
6.410000 1.201172 
6.420000 1.206055 
6.430000 1.201172 
6.440000 1.206055 
6.450000 1.206055 
6.460000 1.201172 
6.470000 1.201172 
6.480000 1.206055 
6.490000 1.201172 
6.500000 1.206055 
6.510000 1.206055 
6.520000 1.210938 
6.530000 1.210938 
6.540000 1.210938 
6.550000 1.215820 
6.560000 1.215820 
6.570000 1.215820 
6.580000 1.215820 
6.590000 1.220703 
6.600000 1.220703 
6.610000 1.225586 
6.620000 1.225586 
6.630000 1.225586 
6.640000 1.225586 
6.650000 1.230469 
6.660000 1.235352 
6.670000 1.235352 
6.680000 1.235352 
6.690000 1.235352 
6.700000 1.240234 
6.710000 1.240234 
6.720000 1.240234 
6.730000 1.240234 
6.740000 1.245117 
6.750000 1.245117 
6.760000 1.240234 
6.770000 1.245117 
6.780000 1.245117 
6.790000 1.245117 
6.800000 1.245117 
6.810000 1.245117 
6.820000 1.245117 
6.830000 1.245117 
6.840000 1.245117 
6.850000 1.245117 
6.860000 1.245117 
6.870000 1.245117 
6.880000 1.245117 
6.890000 1.245117 
6.900000 1.245117 
6.910000 1.245117 
6.920000 1.245117 
6.930000 1.245117 
6.940000 1.245117 
6.950000 1.245117 
6.960000 1.245117 
6.970000 1.245117 
6.980000 1.245117 
6.990000 1.245117 
7.000000 1.250000 
7.010000 1.245117 
7.020000 1.250000 
7.030000 1.250000 
7.040000 1.250000 
7.050000 1.250000 
7.060000 1.254883 
7.070000 1.254883 
7.080000 1.254883 
7.090000 1.254883 
7.100000 1.259766 
7.110000 1.259766 
7.120000 1.259766 
7.130000 1.259766 
7.140000 1.259766 
7.150000 1.259766 
7.160000 1.259766 
7.170000 1.259766 
7.180000 1.259766 
7.190000 1.259766 
7.200000 1.259766 
7.210000 1.259766 
7.220000 1.259766 
7.230000 1.259766 
7.240000 1.259766 
7.250000 1.259766 
7.260000 1.259766 
7.270000 1.259766 
7.280000 1.259766 
7.290000 1.264648 
7.300000 1.264648 
7.310000 1.264648 
7.320000 1.264648 
7.330000 1.264648 
7.340000 1.264648 
7.350000 1.264648 
7.360000 1.264648 
7.370000 1.264648 
7.380000 1.264648 
7.390000 1.264648 
7.400000 1.264648 
7.410000 1.264648 
7.420000 1.264648 
7.430000 1.264648 
7.440000 1.264648 
7.450000 1.264648 
7.460000 1.264648 
7.470000 1.264648 
7.480000 1.264648 
7.490000 1.264648 
7.500000 1.264648 
7.510000 1.264648 
7.520000 1.264648 
7.530000 1.264648 
7.540000 1.264648 
7.550000 1.264648 
7.560000 1.264648 
7.570000 1.264648 
7.580000 1.264648 
7.590000 1.264648 
7.600000 1.264648 
7.610000 1.264648 
7.620000 1.264648 
7.630000 1.264648 
7.640000 1.264648 
7.650000 1.264648 
7.660000 1.264648 
7.670000 1.264648 
7.680000 1.264648 
7.690000 1.264648 
7.700000 1.264648 
7.710000 1.264648 
7.720000 1.264648 
7.730000 1.264648 
7.740000 1.264648 
7.750000 1.264648 
7.760000 1.264648 
7.770000 1.264648 
7.780000 1.264648 
7.790000 1.264648 
7.800000 1.264648 
7.810000 1.269531 
7.820000 1.269531 
7.830000 1.269531 
7.840000 1.274414 
7.850000 1.274414 
7.860000 1.279297 
7.870000 1.279297 
7.880000 1.284180 
7.890000 1.289063 
7.900000 1.293945 
7.910000 1.293945 
7.920000 1.298828 
7.930000 1.298828 
7.940000 1.303711 
7.950000 1.308594 
7.960000 1.308594 
7.970000 1.313477 
7.980000 1.313477 
7.990000 1.318359 
8.000000 1.318359 
8.010000 1.318359 
8.020000 1.323242 
8.030000 1.323242 
8.040000 1.328125 
8.050000 1.328125 
8.060000 1.328125 
8.070000 1.328125 
8.080000 1.328125 
8.090000 1.328125 
8.100000 1.333008 
8.110000 1.333008 
8.120000 1.328125 
8.130000 1.333008 
8.140000 1.333008 
8.150000 1.328125 
8.160000 1.333008 
8.170000 1.333008 
8.180000 1.333008 
8.190000 1.333008 
8.200000 1.333008 
8.210000 1.333008 
8.220000 1.333008 
8.230000 1.333008 
8.240000 1.333008 
8.250000 1.333008 
8.260000 1.333008 
8.270000 1.333008 
8.280000 1.333008 
8.290000 1.333008 
8.300000 1.333008 
8.310000 1.328125 
8.320000 1.333008 
8.330000 1.333008 
8.340000 1.333008 
8.350000 1.333008 
8.360000 1.333008 
8.370000 1.333008 
8.380000 1.333008 
8.390000 1.333008 
8.400000 1.333008 
8.410000 1.333008 
8.420000 1.328125 
8.430000 1.328125 
8.440000 1.333008 
8.450000 1.333008 
8.460000 1.328125 
8.470000 1.328125 
8.480000 1.333008 
8.490000 1.333008 
8.500000 1.333008 
8.510000 1.328125 
8.520000 1.333008 
8.530000 1.333008 
8.540000 1.333008 
8.550000 1.328125 
8.560000 1.333008 
8.570000 1.333008 
8.580000 1.333008 
8.590000 1.333008 
8.600000 1.333008 
8.610000 1.333008 
8.620000 1.333008 
8.630000 1.333008 
8.640000 1.333008 
8.650000 1.333008 
8.660000 1.333008 
8.670000 1.333008 
8.680000 1.328125 
8.690000 1.333008 
8.700000 1.328125 
8.710000 1.328125 
8.720000 1.333008 
8.730000 1.333008 
8.740000 1.333008 
8.750000 1.333008 
8.760000 1.333008 
8.770000 1.328125 
8.780000 1.333008 
8.790000 1.328125 
8.800000 1.333008 
8.810000 1.333008 
8.820000 1.333008 
8.830000 1.333008 
8.840000 1.328125 
8.850000 1.333008 
8.860000 1.333008 
8.870000 1.333008 
8.880000 1.328125 
8.890000 1.333008 
8.900000 1.333008 
8.910000 1.333008 
8.920000 1.333008 
8.930000 1.333008 
8.940000 1.328125 
8.950000 1.333008 
8.960000 1.328125 
8.970000 1.328125 
8.980000 1.333008 
8.990000 1.328125 
9.000000 1.333008 
9.010000 1.333008 
9.020000 1.328125 
9.030000 1.328125 
9.040000 1.333008 
9.050000 1.328125 
9.060000 1.328125 
9.070000 1.328125 
9.080000 1.328125 
9.090000 1.333008 
9.100000 1.328125 
9.110000 1.333008 
9.120000 1.333008 
9.130000 1.328125 
9.140000 1.333008 
9.150000 1.328125 
9.160000 1.328125 
9.170000 1.333008 
9.180000 1.328125 
9.190000 1.328125 
9.200000 1.333008 
9.210000 1.328125 
9.220000 1.328125 
9.230000 1.333008 
9.240000 1.328125 
9.250000 1.333008 
9.260000 1.333008 
9.270000 1.328125 
9.280000 1.328125 
9.290000 1.328125 
9.300000 1.333008 
9.310000 1.328125 
9.320000 1.333008 
9.330000 1.328125 
9.340000 1.333008 
9.350000 1.333008 
9.360000 1.328125 
9.370000 1.333008 
9.380000 1.333008 
9.390000 1.333008 
9.400000 1.328125 
9.410000 1.333008 
9.420000 1.328125 
9.430000 1.333008 
9.440000 1.333008 
9.450000 1.328125 
9.460000 1.328125 
9.470000 1.328125 
9.480000 1.328125 
9.490000 1.333008 
9.500000 1.328125 
9.510000 1.333008 
9.520000 1.328125 
9.530000 1.333008 
9.540000 1.333008 
9.550000 1.333008 
9.560000 1.333008 
9.570000 1.333008 
9.580000 1.328125 
9.590000 1.333008 
9.600000 1.333008 
9.610000 1.328125 
9.620000 1.333008 
9.630000 1.333008 
9.640000 1.333008 
9.650000 1.333008 
9.660000 1.333008 
9.670000 1.328125 
9.680000 1.328125 
9.690000 1.328125 
9.700000 1.328125 
9.710000 1.333008 
9.720000 1.333008 
9.730000 1.333008 
9.740000 1.333008 
9.750000 1.333008 
9.760000 1.333008 
9.770000 1.333008 
9.780000 1.333008 
9.790000 1.333008 
9.800000 1.333008 
9.810000 1.333008 
9.820000 1.333008 
9.830000 1.328125 
9.840000 1.333008 
9.850000 1.328125 
9.860000 1.328125 
9.870000 1.333008 
9.880000 1.328125 
9.890000 1.328125 
9.900000 1.328125 
9.910000 1.328125 
9.920000 1.333008 
9.930000 1.333008 
9.940000 1.333008 
9.950000 1.333008 
9.960000 1.333008 
9.970000 1.328125 
9.980000 1.333008 
9.990000 1.328125 
10.000000 1.333008 
10.010000 1.333008 
10.020000 1.333008 
10.030000 1.333008 
10.040000 1.328125 
10.050000 1.333008 
10.060000 1.333008 
10.070000 1.333008 
10.080000 1.328125 
10.090000 1.333008 
10.100000 1.328125 
10.110000 1.328125 
10.120000 1.333008 
10.130000 1.333008 
10.140000 1.328125 
10.150000 1.333008 
10.160000 1.333008 
10.170000 1.333008 
10.180000 1.333008 
10.190000 1.333008 
10.200000 1.333008 
10.210000 1.328125 
10.220000 1.333008 
10.230000 1.328125 
10.240000 1.333008 
10.250000 1.333008 
10.260000 1.328125 
10.270000 1.328125 
10.280000 1.333008 
10.290000 1.333008 
10.300000 1.333008 
10.310000 1.333008 
10.320000 1.333008 
10.330000 1.328125 
10.340000 1.333008 
10.350000 1.333008 
10.360000 1.333008 
10.370000 1.333008 
10.380000 1.328125 
10.390000 1.328125 
10.400000 1.333008 
10.410000 1.328125 
10.420000 1.333008 
10.430000 1.333008 
10.440000 1.328125 
10.450000 1.333008 
10.460000 1.328125 
10.470000 1.328125 
10.480000 1.333008 
10.490000 1.333008 
10.500000 1.333008 
10.510000 1.333008 
10.520000 1.328125 
10.530000 1.328125 
10.540000 1.333008 
10.550000 1.333008 
10.560000 1.333008 
10.570000 1.333008 
10.580000 1.333008 
10.590000 1.333008 
10.600000 1.333008 
10.610000 1.328125 
10.620000 1.333008 
10.630000 1.333008 
10.640000 1.328125 
10.650000 1.333008 
10.660000 1.333008 
10.670000 1.328125 
10.680000 1.328125 
10.690000 1.328125 
10.700000 1.333008 
10.710000 1.328125 
10.720000 1.333008 
10.730000 1.333008 
10.740000 1.333008 
10.750000 1.333008 
10.760000 1.333008 
10.770000 1.333008 
10.780000 1.328125 
10.790000 1.333008 
10.800000 1.333008 
10.810000 1.328125 
10.820000 1.333008 
10.830000 1.328125 
10.840000 1.333008 
10.850000 1.333008 
10.860000 1.333008 
10.870000 1.333008 
10.880000 1.333008 
10.890000 1.328125 
10.900000 1.328125 
10.910000 1.328125 
10.920000 1.333008 
10.930000 1.328125 
10.940000 1.333008 
10.950000 1.328125 
10.960000 1.333008 
10.970000 1.333008 
10.980000 1.333008 
10.990000 1.328125 
11.000000 1.333008 
11.010000 1.328125 
11.020000 1.333008 
11.030000 1.333008 
11.040000 1.333008 
11.050000 1.333008 
11.060000 1.333008 
11.070000 1.333008 
11.080000 1.333008 
11.090000 1.333008 
11.100000 1.328125 
11.110000 1.333008 
11.120000 1.328125 
11.130000 1.328125 
11.140000 1.333008 
11.150000 1.328125 
11.160000 1.328125 
11.170000 1.333008 
11.180000 1.333008 
11.190000 1.328125 
11.200000 1.333008 
11.210000 1.328125 
11.220000 1.333008 
11.230000 1.333008 
11.240000 1.333008 
11.250000 1.333008 
11.260000 1.328125 
11.270000 1.328125 
11.280000 1.328125 
11.290000 1.328125 
11.300000 1.328125 
11.310000 1.328125 
11.320000 1.333008 
11.330000 1.328125 
11.340000 1.333008 
11.350000 1.328125 
11.360000 1.328125 
11.370000 1.328125 
11.380000 1.333008 
11.390000 1.328125 
11.400000 1.333008 
11.410000 1.333008 
11.420000 1.328125 
11.430000 1.333008 
11.440000 1.333008 
11.450000 1.333008 
11.460000 1.333008 
11.470000 1.333008 
11.480000 1.333008 
11.490000 1.333008 
11.500000 1.333008 
11.510000 1.333008 
11.520000 1.333008 
11.530000 1.333008 
11.540000 1.333008 
11.550000 1.333008 
11.560000 1.333008 
11.570000 1.333008 
11.580000 1.333008 
11.590000 1.328125 
11.600000 1.333008 
11.610000 1.328125 
11.620000 1.328125 
11.630000 1.328125 
11.640000 1.328125 
11.650000 1.333008 
11.660000 1.333008 
11.670000 1.328125 
11.680000 1.333008 
11.690000 1.333008 
11.700000 1.333008 
11.710000 1.333008 
11.720000 1.333008 
11.730000 1.333008 
11.740000 1.333008 
11.750000 1.333008 
11.760000 1.328125 
11.770000 1.328125 
11.780000 1.328125 
11.790000 1.328125 
11.800000 1.328125 
11.810000 1.333008 
11.820000 1.333008 
11.830000 1.333008 
11.840000 1.328125 
11.850000 1.328125 
11.860000 1.328125 
11.870000 1.333008 
11.880000 1.328125 
11.890000 1.328125 
11.900000 1.328125 
11.910000 1.328125 
11.920000 1.333008 
11.930000 1.328125 
11.940000 1.333008 
11.950000 1.333008 
11.960000 1.328125 
11.970000 1.328125 
11.980000 1.333008 
11.990000 1.333008 
12.000000 1.333008 
12.010000 1.333008 
12.020000 1.333008 
12.030000 1.333008 
12.040000 1.333008 
12.050000 1.333008 
12.060000 1.333008 
12.070000 1.333008 
12.080000 1.333008 
12.090000 1.328125 
12.100000 1.333008 
12.110000 1.333008 
12.120000 1.333008 
12.130000 1.333008 
12.140000 1.333008 
12.150000 1.333008 
12.160000 1.333008 
12.170000 1.333008 
12.180000 1.333008 
12.190000 1.333008 
12.200000 1.333008 
12.210000 1.333008 
12.220000 1.328125 
12.230000 1.333008 
12.240000 1.333008 
12.250000 1.333008 
12.260000 1.333008 
12.270000 1.333008 
12.280000 1.328125 
12.290000 1.333008 
12.300000 1.333008 
12.310000 1.333008 
12.320000 1.333008 
12.330000 1.333008 
12.340000 1.333008 
12.350000 1.333008 
12.360000 1.333008 
12.370000 1.333008 
12.380000 1.333008 
12.390000 1.333008 
12.400000 1.333008 
12.410000 1.333008 
12.420000 1.333008 
12.430000 1.333008 
12.440000 1.328125 
12.450000 1.333008 
12.460000 1.328125 
12.470000 1.333008 
12.480000 1.333008 
12.490000 1.328125 
12.500000 1.333008 
12.510000 1.328125 
12.520000 1.333008 
12.530000 1.328125 
12.540000 1.333008 
12.550000 1.333008 
12.560000 1.328125 
12.570000 1.333008 
12.580000 1.333008 
12.590000 1.333008 
12.600000 1.333008 
12.610000 1.328125 
12.620000 1.328125 
12.630000 1.333008 
12.640000 1.328125 
12.650000 1.333008 
12.660000 1.333008 
12.670000 1.333008 
12.680000 1.328125 
12.690000 1.328125 
12.700000 1.333008 
12.710000 1.333008 
12.720000 1.333008 
12.730000 1.328125 
12.740000 1.328125 
12.750000 1.333008 
12.760000 1.328125 
12.770000 1.328125 
12.780000 1.328125 
12.790000 1.328125 
12.800000 1.333008 
12.810000 1.328125 
12.820000 1.333008 
12.830000 1.333008 
12.840000 1.333008 
12.850000 1.333008 
12.860000 1.328125 
12.870000 1.328125 
12.880000 1.333008 
12.890000 1.328125 
12.900000 1.333008 
12.910000 1.333008 
12.920000 1.328125 
12.930000 1.328125 
12.940000 1.333008 
12.950000 1.333008 
12.960000 1.328125 
12.970000 1.333008 
12.980000 1.328125 
12.990000 1.328125 
13.000000 1.333008 
13.010000 1.333008 
13.020000 1.328125 
13.030000 1.333008 
13.040000 1.333008 
13.050000 1.328125 
13.060000 1.333008 
13.070000 1.328125 
13.080000 1.328125 
13.090000 1.333008 
13.100000 1.333008 
13.110000 1.328125 
13.120000 1.333008 
13.130000 1.333008 
13.140000 1.328125 
13.150000 1.333008 
13.160000 1.333008 
13.170000 1.328125 
13.180000 1.333008 
13.190000 1.333008 
13.200000 1.333008 
13.210000 1.328125 
13.220000 1.328125 
13.230000 1.333008 
13.240000 1.333008 
13.250000 1.328125 
13.260000 1.333008 
13.270000 1.333008 
13.280000 1.333008 
13.290000 1.328125 
13.300000 1.333008 
13.310000 1.333008 
13.320000 1.333008 
13.330000 1.333008 
13.340000 1.333008 
13.350000 1.333008 
13.360000 1.328125 
13.370000 1.328125 
13.380000 1.328125 
13.390000 1.328125 
13.400000 1.328125 
13.410000 1.328125 
13.420000 1.328125 
13.430000 1.333008 
13.440000 1.328125 
13.450000 1.333008 
13.460000 1.333008 
13.470000 1.333008 
13.480000 1.328125 
13.490000 1.328125 
13.500000 1.333008 
13.510000 1.328125 
13.520000 1.333008 
13.530000 1.328125 
13.540000 1.333008 
13.550000 1.333008 
13.560000 1.333008 
13.570000 1.333008 
13.580000 1.328125 
13.590000 1.328125 
13.600000 1.328125 
13.610000 1.333008 
13.620000 1.333008 
13.630000 1.328125 
13.640000 1.333008 
13.650000 1.328125 
13.660000 1.333008 
13.670000 1.333008 
13.680000 1.328125 
13.690000 1.328125 
13.700000 1.333008 
13.710000 1.328125 
13.720000 1.328125 
13.730000 1.333008 
13.740000 1.328125 
13.750000 1.333008 
13.760000 1.333008 
13.770000 1.328125 
13.780000 1.333008 
13.790000 1.333008 
13.800000 1.328125 
13.810000 1.333008 
13.820000 1.333008 
13.830000 1.328125 
13.840000 1.328125 
13.850000 1.328125 
13.860000 1.333008 
13.870000 1.333008 
13.880000 1.328125 
13.890000 1.333008 
13.900000 1.328125 
13.910000 1.333008 
13.920000 1.333008 
13.930000 1.333008 
13.940000 1.333008 
13.950000 1.333008 
13.960000 1.328125 
13.970000 1.328125 
13.980000 1.333008 
13.990000 1.333008 
14.000000 1.333008 
14.010000 1.328125 
14.020000 1.328125 
14.030000 1.333008 
14.040000 1.328125 
14.050000 1.328125 
14.060000 1.333008 
14.070000 1.333008 
14.080000 1.333008 
14.090000 1.328125 
14.100000 1.328125 
14.110000 1.333008 
14.120000 1.328125 
14.130000 1.333008 
14.140000 1.333008 
14.150000 1.328125 
14.160000 1.328125 
14.170000 1.328125 
14.180000 1.333008 
14.190000 1.333008 
14.200000 1.328125 
14.210000 1.333008 
14.220000 1.333008 
14.230000 1.328125 
14.240000 1.333008 
14.250000 1.328125 
14.260000 1.333008 
14.270000 1.333008 
14.280000 1.328125 
14.290000 1.333008 
14.300000 1.328125 
14.310000 1.333008 
14.320000 1.333008 
14.330000 1.333008 
14.340000 1.328125 
14.350000 1.328125 
14.360000 1.328125 
14.370000 1.328125 
14.380000 1.333008 
14.390000 1.328125 
14.400000 1.328125 
14.410000 1.328125 
14.420000 1.333008 
14.430000 1.333008 
14.440000 1.328125 
14.450000 1.328125 
14.460000 1.333008 
14.470000 1.333008 
14.480000 1.333008 
14.490000 1.333008 
14.500000 1.333008 
14.510000 1.328125 
14.520000 1.333008 
14.530000 1.328125 
14.540000 1.333008 
14.550000 1.333008 
14.560000 1.333008 
14.570000 1.333008 
14.580000 1.333008 
14.590000 1.333008 
14.600000 1.328125 
14.610000 1.328125 
14.620000 1.333008 
14.630000 1.333008 
14.640000 1.328125 
14.650000 1.333008 
14.660000 1.333008 
14.670000 1.333008 
14.680000 1.333008 
14.690000 1.333008 
14.700000 1.333008 
14.710000 1.328125 
14.720000 1.333008 
14.730000 1.333008 
14.740000 1.328125 
14.750000 1.328125 
14.760000 1.328125 
14.770000 1.328125 
14.780000 1.333008 
14.790000 1.328125 
14.800000 1.333008 
14.810000 1.333008 
14.820000 1.333008 
14.830000 1.333008 
14.840000 1.333008 
14.850000 1.328125 
14.860000 1.333008 
14.870000 1.333008 
14.880000 1.328125 
14.890000 1.328125 
14.900000 1.333008 
14.910000 1.328125 
14.920000 1.333008 
14.930000 1.328125 
14.940000 1.333008 
14.950000 1.328125 
14.960000 1.328125 
14.970000 1.328125 
14.980000 1.328125 
14.990000 1.333008 
15.000000 1.333008 
15.010000 1.328125 
15.020000 1.333008 
15.030000 1.328125 
15.040000 1.333008 
15.050000 1.328125 
15.060000 1.328125 
15.070000 1.333008 
15.080000 1.328125 
15.090000 1.333008 
15.100000 1.333008 
15.110000 1.328125 
15.120000 1.328125 
15.130000 1.333008 
15.140000 1.328125 
15.150000 1.333008 
15.160000 1.333008 
15.170000 1.328125 
15.180000 1.333008 
15.190000 1.333008 
15.200000 1.328125 
15.210000 1.333008 
15.220000 1.333008 
15.230000 1.333008 
15.240000 1.333008 
15.250000 1.328125 
15.260000 1.328125 
15.270000 1.333008 
15.280000 1.328125 
15.290000 1.333008 
15.300000 1.328125 
15.310000 1.328125 
15.320000 1.333008 
15.330000 1.328125 
15.340000 1.328125 
15.350000 1.328125 
15.360000 1.333008 
15.370000 1.333008 
15.380000 1.333008 
15.390000 1.328125 
15.400000 1.333008 
15.410000 1.328125 
15.420000 1.333008 
15.430000 1.328125 
15.440000 1.328125 
15.450000 1.333008 
15.460000 1.333008 
15.470000 1.333008 
15.480000 1.333008 
15.490000 1.333008 
15.500000 1.333008 
15.510000 1.328125 
15.520000 1.328125 
15.530000 1.328125 
15.540000 1.328125 
15.550000 1.328125 
15.560000 1.333008 
15.570000 1.328125 
15.580000 1.333008 
15.590000 1.328125 
15.600000 1.333008 
15.610000 1.328125 
15.620000 1.328125 
15.630000 1.328125 
15.640000 1.333008 
15.650000 1.328125 
15.660000 1.333008 
15.670000 1.328125 
15.680000 1.333008 
15.690000 1.328125 
15.700000 1.328125 
15.710000 1.328125 
15.720000 1.328125 
15.730000 1.333008 
15.740000 1.333008 
15.750000 1.328125 
15.760000 1.328125 
15.770000 1.333008 
15.780000 1.333008 
15.790000 1.333008 
15.800000 1.333008 
15.810000 1.333008 
15.820000 1.328125 
15.830000 1.333008 
15.840000 1.333008 
15.850000 1.328125 
15.860000 1.333008 
15.870000 1.333008 
15.880000 1.328125 
15.890000 1.328125 
15.900000 1.333008 
15.910000 1.333008 
15.920000 1.333008 
15.930000 1.333008 
15.940000 1.328125 
15.950000 1.333008 
15.960000 1.328125 
15.970000 1.328125 
15.980000 1.328125 
15.990000 1.328125 
16.000000 1.328125 
16.010000 1.328125 
16.020000 1.328125 
16.030000 1.328125 
16.040000 1.328125 
16.050000 1.328125 
16.060000 1.328125 
16.070000 1.333008 
16.080000 1.333008 
16.090000 1.333008 
16.100000 1.328125 
16.110000 1.333008 
16.120000 1.333008 
16.130000 1.333008 
16.140000 1.328125 
16.150000 1.328125 
16.160000 1.333008 
16.170000 1.333008 
16.180000 1.328125 
16.190000 1.333008 
16.200000 1.328125 
16.210000 1.333008 
16.220000 1.333008 
16.230000 1.328125 
16.240000 1.333008 
16.250000 1.333008 
16.260000 1.333008 
16.270000 1.333008 
16.280000 1.333008 
16.290000 1.328125 
16.300000 1.328125 
16.310000 1.328125 
16.320000 1.328125 
16.330000 1.333008 
16.340000 1.328125 
16.350000 1.328125 
16.360000 1.328125 
16.370000 1.328125 
16.380000 1.333008 
16.390000 1.333008 
16.400000 1.333008 
16.410000 1.328125 
16.420000 1.328125 
16.430000 1.333008 
16.440000 1.333008 
16.450000 1.333008 
16.460000 1.328125 
16.470000 1.328125 
16.480000 1.333008 
16.490000 1.328125 
16.500000 1.328125 
16.510000 1.328125 
16.520000 1.333008 
16.530000 1.333008 
16.540000 1.333008 
16.550000 1.328125 
16.560000 1.333008 
16.570000 1.328125 
16.580000 1.328125 
16.590000 1.328125 
16.600000 1.333008 
16.610000 1.333008 
16.620000 1.328125 
16.630000 1.328125 
16.640000 1.328125 
16.650000 1.328125 
16.660000 1.333008 
16.670000 1.328125 
16.680000 1.328125 
16.690000 1.328125 
16.700000 1.333008 
16.710000 1.328125 
16.720000 1.333008 
16.730000 1.328125 
16.740000 1.328125 
16.750000 1.328125 
16.760000 1.333008 
16.770000 1.328125 
16.780000 1.333008 
16.790000 1.333008 
16.800000 1.333008 
16.810000 1.328125 
16.820000 1.333008 
16.830000 1.333008 
16.840000 1.333008 
16.850000 1.328125 
16.860000 1.333008 
16.870000 1.333008 
16.880000 1.333008 
16.890000 1.333008 
16.900000 1.333008 
16.910000 1.333008 
16.920000 1.328125 
16.930000 1.333008 
16.940000 1.328125 
16.950000 1.328125 
16.960000 1.333008 
16.970000 1.328125 
16.980000 1.333008 
16.990000 1.333008 
17.000000 1.328125 
17.010000 1.328125 
17.020000 1.328125 
17.030000 1.328125 
17.040000 1.333008 
17.050000 1.333008 
17.060000 1.328125 
17.070000 1.333008 
17.080000 1.333008 
17.090000 1.328125 
17.100000 1.333008 
17.110000 1.333008 
17.120000 1.328125 
17.130000 1.333008 
17.140000 1.328125 
17.150000 1.333008 
17.160000 1.333008 
17.170000 1.328125 
17.180000 1.333008 
17.190000 1.328125 
17.200000 1.328125 
17.210000 1.333008 
17.220000 1.328125 
17.230000 1.333008 
17.240000 1.333008 
17.250000 1.333008 
17.260000 1.333008 
17.270000 1.328125 
17.280000 1.333008 
17.290000 1.333008 
17.300000 1.328125 
17.310000 1.333008 
17.320000 1.328125 
17.330000 1.333008 
17.340000 1.333008 
17.350000 1.333008 
17.360000 1.328125 
17.370000 1.333008 
17.380000 1.328125 
17.390000 1.333008 
17.400000 1.333008 
17.410000 1.328125 
17.420000 1.333008 
17.430000 1.333008 
17.440000 1.333008 
17.450000 1.328125 
17.460000 1.333008 
17.470000 1.328125 
17.480000 1.328125 
17.490000 1.328125 
17.500000 1.333008 
17.510000 1.328125 
17.520000 1.333008 
17.530000 1.333008 
17.540000 1.333008 
17.550000 1.333008 
17.560000 1.328125 
17.570000 1.328125 
17.580000 1.333008 
17.590000 1.333008 
17.600000 1.333008 
17.610000 1.328125 
17.620000 1.328125 
17.630000 1.333008 
17.640000 1.333008 
17.650000 1.328125 
17.660000 1.328125 
17.670000 1.333008 
17.680000 1.328125 
17.690000 1.328125 
17.700000 1.328125 
17.710000 1.333008 
17.720000 1.333008 
17.730000 1.328125 
17.740000 1.333008 
17.750000 1.328125 
17.760000 1.328125 
17.770000 1.328125 
17.780000 1.328125 
17.790000 1.328125 
17.800000 1.333008 
17.810000 1.328125 
17.820000 1.333008 
17.830000 1.333008 
17.840000 1.328125 
17.850000 1.328125 
17.860000 1.328125 
17.870000 1.333008 
17.880000 1.328125 
17.890000 1.328125 
17.900000 1.328125 
17.910000 1.328125 
17.920000 1.328125 
17.930000 1.333008 
17.940000 1.333008 
17.950000 1.328125 
17.960000 1.328125 
17.970000 1.328125 
17.980000 1.328125 
17.990000 1.333008 
18.000000 1.333008 
18.010000 1.333008 
18.020000 1.328125 
18.030000 1.333008 
18.040000 1.333008 
18.050000 1.333008 
18.060000 1.328125 
18.070000 1.328125 
18.080000 1.328125 
18.090000 1.333008 
18.100000 1.328125 
18.110000 1.328125 
18.120000 1.333008 
18.130000 1.333008 
18.140000 1.333008 
18.150000 1.328125 
18.160000 1.328125 
18.170000 1.333008 
18.180000 1.333008 
18.190000 1.333008 
18.200000 1.328125 
18.210000 1.333008 
18.220000 1.333008 
18.230000 1.328125 
18.240000 1.333008 
18.250000 1.328125 
18.260000 1.328125 
18.270000 1.328125 
18.280000 1.333008 
18.290000 1.328125 
18.300000 1.333008 
18.310000 1.328125 
18.320000 1.333008 
18.330000 1.328125 
18.340000 1.333008 
18.350000 1.328125 
18.360000 1.333008 
18.370000 1.328125 
18.380000 1.328125 
18.390000 1.333008 
18.400000 1.333008 
18.410000 1.328125 
18.420000 1.333008 
18.430000 1.328125 
18.440000 1.328125 
18.450000 1.333008 
18.460000 1.333008 
18.470000 1.333008 
18.480000 1.333008 
18.490000 1.333008 
18.500000 1.328125 
18.510000 1.328125 
18.520000 1.328125 
18.530000 1.328125 
18.540000 1.328125 
18.550000 1.328125 
18.560000 1.333008 
18.570000 1.333008 
18.580000 1.333008 
18.590000 1.333008 
18.600000 1.333008 
18.610000 1.328125 
18.620000 1.333008 
18.630000 1.328125 
18.640000 1.328125 
18.650000 1.328125 
18.660000 1.328125 
18.670000 1.328125 
18.680000 1.333008 
18.690000 1.328125 
18.700000 1.328125 
18.710000 1.333008 
18.720000 1.328125 
18.730000 1.328125 
18.740000 1.328125 
18.750000 1.333008 
18.760000 1.333008 
18.770000 1.328125 
18.780000 1.333008 
18.790000 1.328125 
18.800000 1.333008 
18.810000 1.328125 
18.820000 1.333008 
18.830000 1.333008 
18.840000 1.333008 
18.850000 1.328125 
18.860000 1.328125 
18.870000 1.328125 
18.880000 1.333008 
18.890000 1.333008 
18.900000 1.333008 
18.910000 1.328125 
18.920000 1.328125 
18.930000 1.328125 
18.940000 1.328125 
18.950000 1.333008 
18.960000 1.328125 
18.970000 1.333008 
18.980000 1.333008 
18.990000 1.333008 
19.000000 1.328125 
19.010000 1.328125 
19.020000 1.333008 
19.030000 1.328125 
19.040000 1.328125 
19.050000 1.333008 
19.060000 1.328125 
19.070000 1.328125 
19.080000 1.328125 
19.090000 1.328125 
19.100000 1.328125 
19.110000 1.333008 
19.120000 1.333008 
19.130000 1.333008 
19.140000 1.333008 
19.150000 1.328125 
19.160000 1.328125 
19.170000 1.328125 
19.180000 1.333008 
19.190000 1.328125 
19.200000 1.333008 
19.210000 1.328125 
19.220000 1.333008 
19.230000 1.333008 
19.240000 1.333008 
19.250000 1.328125 
19.260000 1.333008 
19.270000 1.328125 
19.280000 1.333008 
19.290000 1.333008 
19.300000 1.328125 
19.310000 1.328125 
19.320000 1.333008 
19.330000 1.333008 
19.340000 1.333008 
19.350000 1.333008 
19.360000 1.333008 
19.370000 1.333008 
19.380000 1.333008 
19.390000 1.328125 
19.400000 1.333008 
19.410000 1.328125 
19.420000 1.333008 
19.430000 1.333008 
19.440000 1.333008 
19.450000 1.333008 
19.460000 1.328125 
19.470000 1.328125 
19.480000 1.328125 
19.490000 1.328125 
19.500000 1.328125 
19.510000 1.328125 
19.520000 1.333008 
19.530000 1.328125 
19.540000 1.328125 
19.550000 1.328125 
19.560000 1.333008 
19.570000 1.333008 
19.580000 1.333008 
19.590000 1.328125 
19.600000 1.328125 
19.610000 1.333008 
19.620000 1.328125 
19.630000 1.328125 
19.640000 1.328125 
19.650000 1.328125 
19.660000 1.333008 
19.670000 1.333008 
19.680000 1.333008 
19.690000 1.328125 
19.700000 1.333008 
19.710000 1.328125 
19.720000 1.328125 
19.730000 1.328125 
19.740000 1.328125 
19.750000 1.328125 
19.760000 1.333008 
19.770000 1.333008 
19.780000 1.328125 
19.790000 1.333008 
19.800000 1.328125 
19.810000 1.328125 
19.820000 1.333008 
19.830000 1.328125 
19.840000 1.333008 
19.850000 1.333008 
19.860000 1.333008 
19.870000 1.333008 
19.880000 1.333008 
19.890000 1.328125 
19.900000 1.328125 
19.910000 1.333008 
19.920000 1.328125 
19.930000 1.328125 
19.940000 1.333008 
19.950000 1.333008 
19.960000 1.328125 
19.970000 1.333008 
19.980000 1.333008 
19.990000 1.333008 
20.000000 1.328125 
20.010000 1.328125 
20.020000 1.333008 
20.030000 1.328125 
20.040000 1.333008 
20.050000 1.328125 
20.060000 1.333008 
20.070000 1.328125 
20.080000 1.333008 
20.090000 1.333008 
20.100000 1.333008 
20.110000 1.333008 
20.120000 1.333008 
20.130000 1.333008 
20.140000 1.333008 
20.150000 1.333008 
20.160000 1.333008 
20.170000 1.328125 
20.180000 1.333008 
20.190000 1.328125 
20.200000 1.328125 
20.210000 1.333008 
20.220000 1.333008 
20.230000 1.333008 
20.240000 1.333008 
20.250000 1.328125 
20.260000 1.333008 
20.270000 1.333008 
20.280000 1.333008 
20.290000 1.328125 
20.300000 1.328125 
20.310000 1.333008 
20.320000 1.333008 
20.330000 1.333008 
20.340000 1.333008 
20.350000 1.328125 
20.360000 1.333008 
20.370000 1.333008 
20.380000 1.333008 
20.390000 1.333008 
20.400000 1.333008 
20.410000 1.328125 
20.420000 1.333008 
20.430000 1.333008 
20.440000 1.328125 
20.450000 1.333008 
20.460000 1.333008 
20.470000 1.328125 
20.480000 1.333008 
20.490000 1.333008 
20.500000 1.328125 
20.510000 1.333008 
20.520000 1.333008 
20.530000 1.328125 
20.540000 1.333008 
20.550000 1.333008 
20.560000 1.333008 
20.570000 1.333008 
20.580000 1.333008 
20.590000 1.328125 
20.600000 1.333008 
20.610000 1.328125 
20.620000 1.333008 
20.630000 1.333008 
20.640000 1.333008 
20.650000 1.328125 
20.660000 1.333008 
20.670000 1.333008 
20.680000 1.333008 
20.690000 1.328125 
20.700000 1.333008 
20.710000 1.328125 
20.720000 1.333008 
20.730000 1.333008 
20.740000 1.328125 
20.750000 1.328125 
20.760000 1.328125 
20.770000 1.328125 
20.780000 1.333008 
20.790000 1.333008 
20.800000 1.333008 
20.810000 1.333008 
20.820000 1.328125 
20.830000 1.328125 
20.840000 1.328125 
20.850000 1.328125 
20.860000 1.328125 
20.870000 1.333008 
20.880000 1.328125 
20.890000 1.328125 
20.900000 1.333008 
20.910000 1.328125 
20.920000 1.328125 
20.930000 1.333008 
20.940000 1.328125 
20.950000 1.333008 
20.960000 1.333008 
20.970000 1.328125 
20.980000 1.333008 
20.990000 1.333008 
21.000000 1.333008 
21.010000 1.328125 
21.020000 1.333008 
21.030000 1.333008 
21.040000 1.333008 
21.050000 1.328125 
21.060000 1.333008 
21.070000 1.328125 
21.080000 1.333008 
21.090000 1.328125 
21.100000 1.333008 
21.110000 1.328125 
21.120000 1.328125 
21.130000 1.333008 
21.140000 1.333008 
21.150000 1.328125 
21.160000 1.333008 
21.170000 1.333008 
21.180000 1.328125 
21.190000 1.333008 
21.200000 1.333008 
21.210000 1.328125 
21.220000 1.333008 
21.230000 1.333008 
21.240000 1.328125 
21.250000 1.333008 
21.260000 1.328125 
21.270000 1.328125 
21.280000 1.333008 
21.290000 1.333008 
21.300000 1.333008 
21.310000 1.333008 
21.320000 1.333008 
21.330000 1.333008 
21.340000 1.333008 
21.350000 1.333008 
21.360000 1.333008 
21.370000 1.333008 
21.380000 1.333008 
21.390000 1.333008 
21.400000 1.333008 
21.410000 1.333008 
21.420000 1.328125 
21.430000 1.333008 
21.440000 1.333008 
21.450000 1.328125 
21.460000 1.333008 
21.470000 1.328125 
21.480000 1.333008 
21.490000 1.333008 
21.500000 1.328125 
21.510000 1.328125 
21.520000 1.328125 
21.530000 1.333008 
21.540000 1.333008 
21.550000 1.333008 
21.560000 1.328125 
21.570000 1.333008 
21.580000 1.333008 
21.590000 1.328125 
21.600000 1.333008 
21.610000 1.328125 
21.620000 1.328125 
21.630000 1.328125 
21.640000 1.328125 
21.650000 1.333008 
21.660000 1.333008 
21.670000 1.328125 
21.680000 1.333008 
21.690000 1.333008 
21.700000 1.333008 
21.710000 1.333008 
21.720000 1.333008 
21.730000 1.328125 
21.740000 1.328125 
21.750000 1.328125 
21.760000 1.333008 
21.770000 1.328125 
21.780000 1.333008 
21.790000 1.333008 
21.800000 1.333008 
21.810000 1.333008 
21.820000 1.333008 
21.830000 1.333008 
21.840000 1.333008 
21.850000 1.328125 
21.860000 1.333008 
21.870000 1.328125 
21.880000 1.333008 
21.890000 1.333008 
21.900000 1.328125 
21.910000 1.328125 
21.920000 1.333008 
21.930000 1.328125 
21.940000 1.333008 
21.950000 1.333008 
21.960000 1.328125 
21.970000 1.328125 
21.980000 1.333008 
21.990000 1.333008 
22.000000 1.333008 
22.010000 1.333008 
22.020000 1.328125 
22.030000 1.333008 
22.040000 1.333008 
22.050000 1.333008 
22.060000 1.333008 
22.070000 1.333008 
22.080000 1.333008 
22.090000 1.333008 
22.100000 1.328125 
22.110000 1.333008 
22.120000 1.328125 
22.130000 1.328125 
22.140000 1.328125 
22.150000 1.328125 
22.160000 1.333008 
22.170000 1.328125 
22.180000 1.333008 
22.190000 1.333008 
22.200000 1.333008 
22.210000 1.333008 
22.220000 1.333008 
22.230000 1.328125 
22.240000 1.333008 
22.250000 1.333008 
22.260000 1.333008 
22.270000 1.328125 
22.280000 1.333008 
22.290000 1.328125 
22.300000 1.333008 
22.310000 1.328125 
22.320000 1.333008 
22.330000 1.333008 
22.340000 1.333008 
22.350000 1.333008 
22.360000 1.328125 
22.370000 1.328125 
22.380000 1.328125 
22.390000 1.333008 
22.400000 1.333008 
22.410000 1.328125 
22.420000 1.328125 
22.430000 1.328125 
22.440000 1.333008 
22.450000 1.328125 
22.460000 1.328125 
22.470000 1.328125 
22.480000 1.328125 
22.490000 1.333008 
22.500000 1.333008 
22.510000 1.328125 
22.520000 1.328125 
22.530000 1.333008 
22.540000 1.333008 
22.550000 1.328125 
22.560000 1.328125 
22.570000 1.328125 
22.580000 1.333008 
22.590000 1.328125 
22.600000 1.333008 
22.610000 1.333008 
22.620000 1.333008 
22.630000 1.333008 
22.640000 1.328125 
22.650000 1.333008 
22.660000 1.333008 
22.670000 1.328125 
22.680000 1.333008 
22.690000 1.328125 
22.700000 1.333008 
22.710000 1.333008 
22.720000 1.328125 
22.730000 1.333008 
22.740000 1.333008 
22.750000 1.333008 
22.760000 1.328125 
22.770000 1.333008 
22.780000 1.333008 
22.790000 1.328125 
22.800000 1.333008 
22.810000 1.328125 
22.820000 1.328125 
22.830000 1.328125 
22.840000 1.333008 
22.850000 1.328125 
22.860000 1.333008 
22.870000 1.333008 
22.880000 1.333008 
22.890000 1.333008 
22.900000 1.333008 
22.910000 1.328125 
22.920000 1.333008 
22.930000 1.333008 
22.940000 1.328125 
22.950000 1.333008 
22.960000 1.333008 
22.970000 1.328125 
22.980000 1.328125 
22.990000 1.328125 
23.000000 1.328125 
23.010000 1.333008 
23.020000 1.333008 
23.030000 1.328125 
23.040000 1.333008 
23.050000 1.328125 
23.060000 1.333008 
23.070000 1.333008 
23.080000 1.333008 
23.090000 1.333008 
23.100000 1.333008 
23.110000 1.328125 
23.120000 1.333008 
23.130000 1.333008 
23.140000 1.333008 
23.150000 1.328125 
23.160000 1.328125 
23.170000 1.333008 
23.180000 1.333008 
23.190000 1.328125 
23.200000 1.333008 
23.210000 1.328125 
23.220000 1.333008 
23.230000 1.328125 
23.240000 1.333008 
23.250000 1.333008 
23.260000 1.333008 
23.270000 1.328125 
23.280000 1.333008 
23.290000 1.328125 
23.300000 1.333008 
23.310000 1.328125 
23.320000 1.328125 
23.330000 1.328125 
23.340000 1.333008 
23.350000 1.328125 
23.360000 1.333008 
23.370000 1.328125 
23.380000 1.333008 
23.390000 1.333008 
23.400000 1.333008 
23.410000 1.328125 
23.420000 1.333008 
23.430000 1.333008 
23.440000 1.333008 
23.450000 1.328125 
23.460000 1.333008 
23.470000 1.333008 
23.480000 1.333008 
23.490000 1.333008 
23.500000 1.333008 
23.510000 1.328125 
23.520000 1.333008 
23.530000 1.333008 
23.540000 1.333008 
23.550000 1.328125 
23.560000 1.328125 
23.570000 1.328125 
23.580000 1.333008 
23.590000 1.333008 
23.600000 1.328125 
23.610000 1.328125 
23.620000 1.328125 
23.630000 1.328125 
23.640000 1.333008 
23.650000 1.333008 
23.660000 1.328125 
23.670000 1.328125 
23.680000 1.333008 
23.690000 1.333008 
23.700000 1.333008 
23.710000 1.333008 
23.720000 1.333008 
23.730000 1.333008 
23.740000 1.333008 
23.750000 1.333008 
23.760000 1.328125 
23.770000 1.333008 
23.780000 1.333008 
23.790000 1.333008 
23.800000 1.333008 
23.810000 1.333008 
23.820000 1.328125 
23.830000 1.328125 
23.840000 1.333008 
23.850000 1.328125 
23.860000 1.328125 
23.870000 1.328125 
23.880000 1.328125 
23.890000 1.333008 
23.900000 1.328125 
23.910000 1.328125 
23.920000 1.333008 
23.930000 1.328125 
23.940000 1.333008 
23.950000 1.328125 
23.960000 1.333008 
23.970000 1.333008 
23.980000 1.333008 
23.990000 1.333008 
24.000000 1.333008 
24.010000 1.328125 
24.020000 1.328125 
24.030000 1.328125 
24.040000 1.328125 
24.050000 1.328125 
24.060000 1.333008 
24.070000 1.333008 
24.080000 1.333008 
24.090000 1.333008 
24.100000 1.333008 
24.110000 1.328125 
24.120000 1.333008 
24.130000 1.333008 
24.140000 1.333008 
24.150000 1.333008 
24.160000 1.333008 
24.170000 1.333008 
24.180000 1.328125 
24.190000 1.333008 
24.200000 1.333008 
24.210000 1.333008 
24.220000 1.333008 
24.230000 1.333008 
24.240000 1.333008 
24.250000 1.328125 
24.260000 1.333008 
24.270000 1.333008 
24.280000 1.328125 
24.290000 1.328125 
24.300000 1.333008 
24.310000 1.328125 
24.320000 1.328125 
24.330000 1.328125 
24.340000 1.333008 
24.350000 1.328125 
24.360000 1.333008 
24.370000 1.328125 
24.380000 1.328125 
24.390000 1.333008 
24.400000 1.328125 
24.410000 1.328125 
24.420000 1.333008 
24.430000 1.328125 
24.440000 1.333008 
24.450000 1.328125 
24.460000 1.333008 
24.470000 1.328125 
24.480000 1.333008 
24.490000 1.328125 
24.500000 1.333008 
24.510000 1.333008 
24.520000 1.333008 
24.530000 1.333008 
24.540000 1.333008 
24.550000 1.333008 
24.560000 1.328125 
24.570000 1.333008 
24.580000 1.333008 
24.590000 1.328125 
24.600000 1.328125 
24.610000 1.328125 
24.620000 1.333008 
24.630000 1.328125 
24.640000 1.333008 
24.650000 1.328125 
24.660000 1.333008 
24.670000 1.333008 
24.680000 1.328125 
24.690000 1.333008 
24.700000 1.333008 
24.710000 1.333008 
24.720000 1.333008 
24.730000 1.328125 
24.740000 1.333008 
24.750000 1.328125 
24.760000 1.328125 
24.770000 1.328125 
24.780000 1.333008 
24.790000 1.333008 
24.800000 1.333008 
24.810000 1.333008 
24.820000 1.333008 
24.830000 1.328125 
24.840000 1.328125 
24.850000 1.333008 
24.860000 1.333008 
24.870000 1.328125 
24.880000 1.333008 
24.890000 1.328125 
24.900000 1.333008 
24.910000 1.328125 
24.920000 1.333008 
24.930000 1.333008 
24.940000 1.333008 
24.950000 1.328125 
24.960000 1.333008 
24.970000 1.328125 
24.980000 1.328125 
24.990000 1.333008 
25.000000 1.328125 
25.010000 1.333008 
25.020000 1.333008 
25.030000 1.328125 
25.040000 1.328125 
25.050000 1.328125 
25.060000 1.333008 
25.070000 1.328125 
25.080000 1.333008 
25.090000 1.328125 
25.100000 1.333008 
25.110000 1.333008 
25.120000 1.333008 
25.130000 1.328125 
25.140000 1.333008 
25.150000 1.333008 
25.160000 1.333008 
25.170000 1.328125 
25.180000 1.328125 
25.190000 1.328125 
25.200000 1.333008 
25.210000 1.333008 
25.220000 1.333008 
25.230000 1.328125 
25.240000 1.328125 
25.250000 1.328125 
25.260000 1.333008 
25.270000 1.333008 
25.280000 1.328125 
25.290000 1.328125 
25.300000 1.333008 
25.310000 1.328125 
25.320000 1.333008 
25.330000 1.328125 
25.340000 1.333008 
25.350000 1.328125 
25.360000 1.333008 
25.370000 1.328125 
25.380000 1.333008 
25.390000 1.333008 
25.400000 1.333008 
25.410000 1.328125 
25.420000 1.328125 
25.430000 1.328125 
25.440000 1.333008 
25.450000 1.333008 
25.460000 1.333008 
25.470000 1.333008 
25.480000 1.333008 
25.490000 1.333008 
25.500000 1.333008 
25.510000 1.333008 
25.520000 1.328125 
25.530000 1.333008 
25.540000 1.328125 
25.550000 1.333008 
25.560000 1.333008 
25.570000 1.328125 
25.580000 1.333008 
25.590000 1.333008 
25.600000 1.333008 
25.610000 1.328125 
25.620000 1.328125 
25.630000 1.333008 
25.640000 1.333008 
25.650000 1.333008 
25.660000 1.333008 
25.670000 1.333008 
25.680000 1.333008 
25.690000 1.328125 
25.700000 1.333008 
25.710000 1.328125 
25.720000 1.333008 
25.730000 1.333008 
25.740000 1.333008 
25.750000 1.328125 
25.760000 1.333008 
25.770000 1.333008 
25.780000 1.333008 
25.790000 1.328125 
25.800000 1.328125 
25.810000 1.333008 
25.820000 1.333008 
25.830000 1.328125 
25.840000 1.328125 
25.850000 1.328125 
25.860000 1.333008 
25.870000 1.328125 
25.880000 1.328125 
25.890000 1.328125 
25.900000 1.333008 
25.910000 1.328125 
25.920000 1.333008 
25.930000 1.328125 
25.940000 1.333008 
25.950000 1.328125 
25.960000 1.328125 
25.970000 1.328125 
25.980000 1.333008 
25.990000 1.333008 
26.000000 1.333008 
26.010000 1.333008 
26.020000 1.328125 
26.030000 1.328125 
26.040000 1.328125 
26.050000 1.328125 
26.060000 1.333008 
26.070000 1.328125 
26.080000 1.328125 
26.090000 1.328125 
26.100000 1.333008 
26.110000 1.333008 
26.120000 1.333008 
26.130000 1.333008 
26.140000 1.333008 
26.150000 1.333008 
26.160000 1.333008 
26.170000 1.333008 
26.180000 1.328125 
26.190000 1.333008 
26.200000 1.328125 
26.210000 1.333008 
26.220000 1.333008 
26.230000 1.328125 
26.240000 1.333008 
26.250000 1.328125 
26.260000 1.333008 
26.270000 1.328125 
26.280000 1.333008 
26.290000 1.328125 
26.300000 1.328125 
26.310000 1.333008 
26.320000 1.328125 
26.330000 1.328125 
26.340000 1.333008 
26.350000 1.328125 
26.360000 1.333008 
26.370000 1.333008 
26.380000 1.333008 
26.390000 1.333008 
26.400000 1.328125 
26.410000 1.333008 
26.420000 1.328125 
26.430000 1.333008 
26.440000 1.333008 
26.450000 1.328125 
26.460000 1.328125 
26.470000 1.333008 
26.480000 1.333008 
26.490000 1.333008 
26.500000 1.333008 
26.510000 1.333008 
26.520000 1.328125 
26.530000 1.328125 
26.540000 1.333008 
26.550000 1.328125 
26.560000 1.333008 
26.570000 1.333008 
26.580000 1.333008 
26.590000 1.328125 
26.600000 1.333008 
26.610000 1.328125 
26.620000 1.328125 
26.630000 1.328125 
26.640000 1.333008 
26.650000 1.328125 
26.660000 1.333008 
26.670000 1.328125 
26.680000 1.328125 
26.690000 1.333008 
26.700000 1.328125 
26.710000 1.333008 
26.720000 1.333008 
26.730000 1.328125 
26.740000 1.328125 
26.750000 1.333008 
26.760000 1.333008 
26.770000 1.328125 
26.780000 1.333008 
26.790000 1.328125 
26.800000 1.333008 
26.810000 1.333008 
26.820000 1.333008 
26.830000 1.328125 
26.840000 1.328125 
26.850000 1.333008 
26.860000 1.333008 
26.870000 1.333008 
26.880000 1.333008 
26.890000 1.333008 
26.900000 1.328125 
26.910000 1.333008 
26.920000 1.328125 
26.930000 1.328125 
26.940000 1.333008 
26.950000 1.328125 
26.960000 1.333008 
26.970000 1.328125 
26.980000 1.328125 
26.990000 1.333008 
27.000000 1.333008 
27.010000 1.333008 
27.020000 1.333008 
27.030000 1.333008 
27.040000 1.333008 
27.050000 1.333008 
27.060000 1.333008 
27.070000 1.328125 
27.080000 1.328125 
27.090000 1.328125 
27.100000 1.328125 
27.110000 1.333008 
27.120000 1.333008 
27.130000 1.328125 
27.140000 1.333008 
27.150000 1.328125 
27.160000 1.333008 
27.170000 1.333008 
27.180000 1.328125 
27.190000 1.333008 
27.200000 1.333008 
27.210000 1.328125 
27.220000 1.333008 
27.230000 1.328125 
27.240000 1.333008 
27.250000 1.328125 
27.260000 1.333008 
27.270000 1.328125 
27.280000 1.328125 
27.290000 1.333008 
27.300000 1.328125 
27.310000 1.328125 
27.320000 1.328125 
27.330000 1.328125 
27.340000 1.333008 
27.350000 1.328125 
27.360000 1.328125 
27.370000 1.328125 
27.380000 1.333008 
27.390000 1.333008 
27.400000 1.333008 
27.410000 1.333008 
27.420000 1.333008 
27.430000 1.333008 
27.440000 1.333008 
27.450000 1.333008 
27.460000 1.333008 
27.470000 1.333008 
27.480000 1.333008 
27.490000 1.333008 
27.500000 1.333008 
27.510000 1.333008 
27.520000 1.333008 
27.530000 1.328125 
27.540000 1.333008 
27.550000 1.333008 
27.560000 1.333008 
27.570000 1.333008 
27.580000 1.328125 
27.590000 1.328125 
27.600000 1.333008 
27.610000 1.328125 
27.620000 1.333008 
27.630000 1.328125 
27.640000 1.328125 
27.650000 1.328125 
27.660000 1.333008 
27.670000 1.328125 
27.680000 1.333008 
27.690000 1.333008 
27.700000 1.333008 
27.710000 1.328125 
27.720000 1.328125 
27.730000 1.333008 
27.740000 1.333008 
27.750000 1.333008 
27.760000 1.333008 
27.770000 1.333008 
27.780000 1.328125 
27.790000 1.328125 
27.800000 1.333008 
27.810000 1.333008 
27.820000 1.333008 
27.830000 1.328125 
27.840000 1.333008 
27.850000 1.333008 
27.860000 1.328125 
27.870000 1.333008 
27.880000 1.333008 
27.890000 1.333008 
27.900000 1.333008 
27.910000 1.333008 
27.920000 1.333008 
27.930000 1.328125 
27.940000 1.333008 
27.950000 1.328125 
27.960000 1.333008 
27.970000 1.328125 
27.980000 1.333008 
27.990000 1.328125 
28.000000 1.333008 
28.010000 1.333008 
28.020000 1.333008 
28.030000 1.333008 
28.040000 1.328125 
28.050000 1.333008 
28.060000 1.333008 
28.070000 1.333008 
28.080000 1.333008 
28.090000 1.333008 
28.100000 1.328125 
28.110000 1.328125 
28.120000 1.328125 
28.130000 1.328125 
28.140000 1.328125 
28.150000 1.328125 
28.160000 1.328125 
28.170000 1.333008 
28.180000 1.333008 
28.190000 1.328125 
28.200000 1.328125 
28.210000 1.333008 
28.220000 1.333008 
28.230000 1.328125 
28.240000 1.333008 
28.250000 1.333008 
28.260000 1.328125 
28.270000 1.328125 
28.280000 1.333008 
28.290000 1.328125 
28.300000 1.328125 
28.310000 1.333008 
28.320000 1.333008 
28.330000 1.328125 
28.340000 1.333008 
28.350000 1.333008 
28.360000 1.333008 
28.370000 1.328125 
28.380000 1.333008 
28.390000 1.333008 
28.400000 1.328125 
28.410000 1.333008 
28.420000 1.328125 
28.430000 1.328125 
28.440000 1.328125 
28.450000 1.328125 
28.460000 1.333008 
28.470000 1.333008 
28.480000 1.333008 
28.490000 1.333008 
28.500000 1.328125 
28.510000 1.333008 
28.520000 1.333008 
28.530000 1.328125 
28.540000 1.333008 
28.550000 1.328125 
28.560000 1.333008 
28.570000 1.333008 
28.580000 1.328125 
28.590000 1.328125 
28.600000 1.328125 
28.610000 1.333008 
28.620000 1.333008 
28.630000 1.328125 
28.640000 1.333008 
28.650000 1.328125 
28.660000 1.333008 
28.670000 1.333008 
28.680000 1.333008 
28.690000 1.333008 
28.700000 1.333008 
28.710000 1.333008 
28.720000 1.333008 
28.730000 1.333008 
28.740000 1.333008 
28.750000 1.333008 
28.760000 1.333008 
28.770000 1.328125 
28.780000 1.333008 
28.790000 1.328125 
28.800000 1.333008 
28.810000 1.328125 
28.820000 1.328125 
28.830000 1.328125 
28.840000 1.333008 
28.850000 1.328125 
28.860000 1.328125 
28.870000 1.333008 
28.880000 1.328125 
28.890000 1.328125 
28.900000 1.333008 
28.910000 1.333008 
28.920000 1.328125 
28.930000 1.328125 
28.940000 1.328125 
28.950000 1.328125 
28.960000 1.333008 
28.970000 1.333008 
28.980000 1.328125 
28.990000 1.333008 
29.000000 1.333008 
29.010000 1.328125 
29.020000 1.333008 
29.030000 1.328125 
29.040000 1.328125 
29.050000 1.333008 
29.060000 1.328125 
29.070000 1.333008 
29.080000 1.333008 
29.090000 1.333008 
29.100000 1.333008 
29.110000 1.328125 
29.120000 1.333008 
29.130000 1.333008 
29.140000 1.333008 
29.150000 1.333008 
29.160000 1.333008 
29.170000 1.328125 
29.180000 1.333008 
29.190000 1.333008 
29.200000 1.333008 
29.210000 1.328125 
29.220000 1.333008 
29.230000 1.328125 
29.240000 1.333008 
29.250000 1.328125 
29.260000 1.333008 
29.270000 1.328125 
29.280000 1.333008 
29.290000 1.328125 
29.300000 1.333008 
29.310000 1.328125 
29.320000 1.333008 
29.330000 1.333008 
29.340000 1.333008 
29.350000 1.333008 
29.360000 1.328125 
29.370000 1.328125 
29.380000 1.333008 
29.390000 1.333008 
29.400000 1.328125 
29.410000 1.328125 
29.420000 1.328125 
29.430000 1.328125 
29.440000 1.333008 
29.450000 1.333008 
29.460000 1.333008 
29.470000 1.328125 
29.480000 1.328125 
29.490000 1.328125 
29.500000 1.328125 
29.510000 1.333008 
29.520000 1.333008 
29.530000 1.328125 
29.540000 1.328125 
29.550000 1.333008 
29.560000 1.328125 
29.570000 1.333008 
29.580000 1.328125 
29.590000 1.328125 
29.600000 1.328125 
29.610000 1.328125 
29.620000 1.328125 
29.630000 1.328125 
29.640000 1.328125 
29.650000 1.333008 
29.660000 1.333008 
29.670000 1.328125 
29.680000 1.333008 
29.690000 1.328125 
29.700000 1.333008 
29.710000 1.328125 
29.720000 1.333008 
29.730000 1.333008 
29.740000 1.333008 
29.750000 1.328125 
29.760000 1.333008 
29.770000 1.333008 
29.780000 1.328125 
29.790000 1.333008 
29.800000 1.333008 
29.810000 1.328125 
29.820000 1.333008 
29.830000 1.328125 
29.840000 1.333008 
29.850000 1.333008 
29.860000 1.328125 
29.870000 1.333008 
29.880000 1.333008 
29.890000 1.328125 
29.900000 1.328125 
29.910000 1.333008 
29.920000 1.328125 
29.930000 1.328125 
29.940000 1.333008 
29.950000 1.333008 
29.960000 1.333008 
29.970000 1.333008 
29.980000 1.333008 
29.990000 1.328125 
30.000000 1.333008 
